1854481
2221596
2400077
2791815
2822165
4242096
4308685
5401562
5916226
6386300
6886727
7020658
7932784
7946116
8391853
8465736
8722286
9131194
9268341
12207487
12319354
12534848
13328774
15078707
15150351
16055358
16772117
17387212
18362872
18923180
19908427
20856446
21358831
21729598
22314819
22350954
22802473
22871211
22904583
23219972
24266121
25412453
25484862
25793315
26313800
26505380
26932958
27427545
27624173
29899438
30024160
30125675
30364378
31587428
32606663
32660316
32706170
32932717
33147853
33859472
34483566
34923428
34986993
34992157
35787705
35816292
36102305
36260662
36432062
36979378
37752498
39205308
39727550
40195896
40236838
40411871
40650603
41297807
41304359
41310533
43180391
43634453
44825520
45375166
45513572
45624302
45662551
45711922
46701035
46711218
47073498
49832722
49962286
50453978
50676915
50700190
51274037
51490418
52298404
52353192
52365178
52431920
52637911
53381171
53650422
53895908
54182325
54310045
54355029
55871205
56155045
56772493
57611086
58724847
59141659
59185234
59739173
60193584
61154232
61613228
61678185
61822967
63385698
63885135
64820816
66892878
66958787
67180390
67397035
67464890
67569711
67575711
68345160
68631280
69065988
69395463
69414393
69874242
70435910
71482347
71553780
72218217
73183366
73703322
73795748
74540037
75135121
75741905
75814092
79410640
79559996
79973144
80831960
81720794
82367718
82570287
83978230
84184698
84464021
84708515
85646672
85879332
86183393
86435898
86457298
86687393
87036440
87862063
88174942
88204311
88284925
88313628
88727652
89024952
89638146
90373122
90393570
90422799
90439882
90696706
90978646
91067732
92921226
94087815
94570559
96083125
96560084
96747693
96982327
97209491
98032370
98386874
98858367
99719631
100126698
100473205
100918421
100951126
101775020
102178790
103367909
103847294
105347075
105995968
106016488
106078417
106759742
106784238
106848634
107038472
107409137
107448945
107799224
107877522
108509512
108644473
109525670
109598517
110078271
110235313
110976293
111254726
111448519
111800394
111845534
112174415
112368127
112751641
112824655
113052011
114484371
115196039
115535670
115799065
116283380
116752957
116957438
117153119
117191465
117626963
117956508
118825211
119559410
119696233
119913316
120012772
120170099
120275320
120554454
120665313
121346433
121428672
123591406
124014936
124285555
124445482
125148511
125384587
127268936
127343828
128022773
128081619
128409018
128529945
128620495
129533392
129643019
130245889
131089271
131486305
131737711
132901515
133250934
133589949
133961152
134034546
134375110
136019029
136268561
136482913
136632033
136841348
136858149
137099680
137732211
137774747
138403646
138494225
138738845
139395742
139413110
139451545
139635461
139665103
140425829
140557342
141214252
142093032
142204191
142305167
142507002
143007845
143504571
143838817
145035081
145086538
146763069
146954524
148078969
148226937
148318479
149172347
150006705
150578711
150698524
151624894
152176454
152334403
152827257
153207812
153633609
153933794
155216008
155277398
155802471
156640314
156901331
157067191
157159074
158201754
158349097
158474230
159151780
159673025
160019196
160422815
160567849
160703085
161092327
161160428
161591905
161603536
161998110
162476870
162576546
162672193
164628101
165261468
165384441
165395215
165522504
165807162
166427066
166647354
167715432
168456658
169452699
169473514
169825210
171499179
172811687
173066042
173249063
173559509
173947930
174377696
174985701
175113352
175806375
175888436
176558441
177174042
177449861
178463296
178526698
179464414
179928441
180119982
180619410
180656524
180709952
181435543
182509062
183667081
184139770
184290451
184433791
184511352
184686692
184882643
184957147
185311452
185566948
186526052
186777313
188520786
188677703
188933096
189817179
190051262
190097363
190230945
190561606
191293741
191602443
193293092
194457558
194818135
195176054
195429587
197156305
197950815
198098383
198735974
199155093
199331359
199491183
200870718
201154137
201178857
202158845
202737233
203036364
203470984
204340980
204517619
204541833
204897851
206134562
207218448
207944197
208183119
208361191
208395656
210022713
210302583
211043664
211387126
211602891
211620796
211623245
212095915
212186485
212550765
213626050
213764296
214212584
214971997
215773397
215907105
216424172
216607592
216708681
217202937
217910630
217958904
218174048
218300104
218502668
218763129
220544564
220618793
220900692
221553512
221942583
222036391
222882779
222898372
223419690
224497671
225417705
225719474
225727579
226176679
227621815
228177890
228512871
230884060
231125485
231134147
231753079
232863962
233334189
235143950
235782558
236064871
236514900
237137712
237468466
238434708
240105373
240460361
240968364
242376503
243893156
244104366
244897260
246150484
246180147
246584735
246838966
247480093
247981922
248138579
248381840
248887499
248927066
249391690
250018674
251792561
252965232
254239323
254394516
255279319
255557083
255783458
256310796
257115202
257165253
257354929
257640452
257913030
258217392
258965559
259409010
259439452
259934828
260781883
261599692
261762652
262568144
263415622
263538728
263866988
265256124
265957561
266036530
266858357
266904878
267037267
268203898
268730828
269643271
269832152
270018480
271380167
271863828
271994678
272111329
272156365
272865042
272996469
273979493
274185764
274985111
275924868
276516275
276615978
277160282
277542555
277678649
277796782
278283940
278399191
279842086
279890323
280554271
281407964
282583336
283554209
283898361
284041331
284325771
284764950
285189763
285302625
285822807
286327327
286606053
287668705
287903765
288148723
288326818
288405932
288601245
288831200
290176325
290227792
290521618
290786961
291064318
291656325
292134691
292294887
293092156
293114813
293767997
294064182
295104271
295473181
295786030
297014795
297774596
298057002
299328068
299413737
299665621
299907989
301376055
301427667
302733937
302845658
303872596
304747843
305585407
306269210
306343093
306378968
306490300
307427875
307452668
307590283
307664442
307765750
307832392
310407912
310705199
310724010
311267642
311696945
313340389
313664065
313717268
313865359
315345717
316248561
316434082
316471247
316864789
317153520
317348446
317944756
318372115
319219011
319840375
320151143
321058357
322685852
323318736
324220082
324473401
324524058
324681232
324769684
325017054
325256573
325493669
325727144
326296152
326536012
326679703
326919655
327645334
328193706
328872301
329120302
330011071
330223037
331664418
332539295
335632554
336116993
336570315
337455938
337903763
338384193
339070569
339295985
340205998
340927973
342022042
342744222
342828216
343074656
343646459
343942368
344110473
346275794
346929570
347436152
347668199
348348530
348382168
348438366
348519909
348523051
348869896
349575343
349904817
350374130
350613644
350898842
351048639
351097553
351732644
352528654
352644180
352966967
354428262
355032546
355043210
355341037
355362007
356422834
356482451
357111966
357459993
357710185
360752418
360907428
361149572
361367592
361804517
364164482
364276912
364925892
365490233
365533044
367003372
367372303
368225835
368487724
369002763
370112664
370391681
370547819
370608683
370986391
371486132
371913052
372432105
374051063
374293487
375633162
375636295
375668430
376044355
376107399
376473916
377051450
377247799
377292052
377721602
377863849
379086464
379432305
379908040
380003589
380042749
380149172
380277555
381592673
381653731
383463139
383474264
383675414
384007441
384530081
384689193
384727777
384805229
385011733
385164598
385181019
386797044
386847765
387570966
387978501
388545633
388695976
389139991
389214737
389656328
389754885
390153930
390783768
391121654
392481981
393266850
393731785
394466066
394774628
395297544
395711931
395980637
396086620
397851451
398792509
399304886
399326388
399877893
399884687
402108728
402334543
403149141
403463834
403910222
404355103
404393726
404664446
404986168
405300975
406406666
406956464
410348874
410351789
410701558
411525575
412042032
412403706
412724798
413347492
413839721
414349379
414550178
414566389
414616021
415000790
415503864
417471574
418284046
418302593
418922521
419666149
421401708
421453126
422324614
422459244
423113816
424195431
424570822
424672589
426326267
426719804
426811338
427305782
427378456
428537723
429160805
430377558
431561740
431591280
431851737
432052798
432140621
432570582
432934215
434612722
435294476
435715169
436187130
436320243
437319197
437323658
437657791
437658142
438156157
438712578
439034734
439097585
441058939
441131981
441196739
441414904
442318387
442649247
442759910
443338481
443697355
444013319
444929457
446293199
446675505
446871905
446997906
447607623
447880222
447896265
448908897
449285298
449422926
450114753
450688090
450973795
451334730
452303181
452354222
452569703
452653817
452897197
453028444
453260196
453943379
454002960
454111917
454605106
455043395
455226281
455588510
455589324
456906667
457550929
458961484
459099461
460265418
460583780
460611186
460740605
461305102
461591200
461621271
461841084
462316969
463109697
463177977
464153935
464277217
464286912
465000278
465145991
465240290
465648715
465742736
467378766
468379124
469502993
470087987
471505910
472212526
472432364
472665173
473386841
473830951
474003293
475726174
475737903
476065488
476105306
476594537
476595497
476825879
478951101
479028651
479586303
479613503
479681104
479855772
479990947
480656313
481392175
481481956
482718069
483004561
483027231
483200766
483800824
484199816
484206719
484249043
484379812
485408784
485569253
485642268
486004921
487442676
489058379
489176773
489303849
489889149
491308670
491563481
491793661
492121979
492417901
492967109
493010044
493151293
493494810
494682034
495805560
496199939
496244891
496494718
496643561
497041422
497467929
497957405
498727900
499394061
500545251
500873361
501382522
502224648
502352923
502431482
502883067
503124950
503400763
503499191
504466752
504854170
504891417
505222637
505265582
505439370
507676537
507836852
508290123
509858907
512010909
512755542
512823103
513376804
513928436
514317751
514318839
515063862
515165505
515944405
516852237
517136797
518555498
518931113
519065118
519098907
519110325
519290438
520826594
521372790
522088988
522151868
522766631
524413825
524465687
524863139
525408922
525889249
526433564
526654586
527709757
527740218
527893539
528771806
528835466
528914428
528984925
529138815
529322648
529452082
529772639
530173116
530546866
531402069
531910930
532641560
532937164
533152700
533458068
533465108
533901942
535133487
535167150
535997010
536040583
536220046
536361096
536944279
537411640
537905876
538336870
539721469
540813809
540823624
540948916
541216253
541987646
542136258
542162301
542495086
542753130
543230499
544482107
545103681
545213126
545392340
545415789
545534189
545644670
547287601
547545030
547939095
547955673
550008141
551449977
551738440
551792959
552572494
552661826
552814465
552932962
552935322
553035058
553164935
553467195
553670854
554156170
554507174
554662911
555249011
555328501
555579146
555859671
555877335
556192734
556440364
556857463
556943047
557866726
558800856
559741394
559854301
560112645
563343539
563902317
565263246
565843940
566574975
566627100
567174130
568052887
568522814
569015265
569308872
569618867
570232307
570720798
570942613
571862677
571954138
572523845
572675112
572964395
573439315
573471304
573608655
574555178
574697643
575008873
576025895
576349511
577163917
577373639
577488537
577746539
578115127
579932995
579980457
580290708
581009223
582902550
583487482
583694421
584375474
585198566
585791852
586639346
586899373
587297103
587386826
587488633
587530567
588625252
588683668
588934316
589324105
589324244
589865855
590414500
590559182
590702703
591040349
591549337
592015277
592072785
592369974
593280603
594090891
594153175
594805499
595368922
595540110
595875103
597926903
598137005
598338845
599409269
599535669
602209100
602404798
602427153
603179982
603206607
603210081
603373765
603441087
603722871
604471906
604960779
605980193
606031274
606361704
607756871
608733999
609042114
609055588
609544834
610976885
611130176
611401282
611460796
611500797
612635047
613422580
613462180
614663896
615163753
615813069
616231117
616453870
616487555
616736997
617759329
619486804
619492594
619961115
620501065
620607045
621134772
621550760
621904807
622083995
623536636
623600618
623744367
623781280
624027865
625376205
625641041
627971380
629412563
629722354
629863575
630153099
631328943
632067535
632100335
632516589
632638317
633026034
633341818
633821437
635359682
635387842
636022318
637070463
637323871
637842720
638007774
638848223
639848790
640165852
640865629
641215306
642109405
642195204
643178258
643318053
643708898
644253069
645363151
645632860
645988537
646809233
649055017
649333036
649822986
650042245
650722030
650779610
651876824
652013212
652578408
652616022
652737442
653637710
653995820
654078269
655371661
655474441
656537909
656793490
657742769
658087251
658342343
658993063
659320383
660112137
660272174
660457055
662878133
663109485
663682609
663704931
663724073
664558998
665252124
665376909
665563049
665599897
665661942
666311776
666415128
666416441
666437639
666508665
666799079
666922380
667147363
667238866
667838512
667993081
668404383
668736965
669768168
670690834
671331043
671385502
671762552
672352846
672527433
673118043
673217804
673393272
674135783
674241655
676417591
677406209
677434849
677798408
678209418
678402778
678620521
678658568
678920241
678991594
679190697
679296372
679436673
679715663
679720175
681109441
682055865
682749136
682837120
683061065
683598810
684451767
684544669
684822145
684856711
685395004
685732068
686105067
686225839
686383463
686403189
686801599
687263707
688805096
689154658
690023203
690769911
690777288
691586309
692713635
692754285
693194789
693338565
693587323
694219872
694384710
694459724
694953861
695328975
695528908
695882406
696109735
696653423
696799952
697333907
697575651
698325253
699178015
699599228
699710735
699818858
702149666
702662933
702972662
703097886
703257798
704523420
704972418
705497563
706079002
707594816
708363928
708542907
708575209
708671796
708813163
709223739
710030867
711144424
711159607
711372268
711588431
711796176
713963296
714607960
714729876
715522487
715970073
716020021
716386627
716565704
716726244
717003458
718832288
719122682
719464184
719663356
720104782
720573199
721084035
721531755
722392365
723073364
723747127
724556876
725021246
725373684
725511182
725522319
726533163
726551333
726735526
726766066
728133720
729090899
729603380
729703645
730225975
731052566
732501538
732829375
732992566
734819647
736052480
736145247
736505258
736815173
737024092
737604786
737735588
738049263
738089234
738275482
738617742
739354636
739741791
741031392
741301549
742339865
742358426
742723170
743248076
743267193
743364302
743704621
743796522
746059823
746332316
746797650
747340604
747662703
748004846
748175496
748722423
749411882
750962670
751124643
751876123
751882584
752131436
752511796
753204479
753303106
753673020
753834239
754165965
754584574
754844210
754928879
755632145
756218502
756292210
756401195
756752335
756833356
757175332
757566704
757941363
758228967
758772068
759454158
759694620
760064088
760080363
760349161
762545075
762589076
762784875
762867022
762959824
764153383
764228503
764524105
765260112
765668931
766262345
766267151
766504347
766877103
767363161
767393822
767399491
767585260
767671268
768134413
768135155
768670900
769547314
769904218
769931584
770298336
770611343
771402515
772903675
773279788
773444233
773560168
773978359
774316244
774555506
775402162
776398659
780512810
781376343
781910649
781950001
782962798
783013490
783129847
783570312
783955936
784241750
784640801
786604704
787005008
787013846
787119075
787223528
787236762
787787450
788322584
788763324
788867813
789488207
789653687
790022418
791198552
791682199
792049851
792303615
792841853
793189470
793282414
794160209
794355726
794511519
795902472
795910490
796113013
796720806
796893379
797643476
799223798
799493765
799625337
799982291
800234425
800690582
801956344
802548076
802830749
803029621
803484109
804790043
806342795
806439191
807325210
808119479
808186521
808309705
808558431
808773984
809037916
809323236
809871162
810011650
810206893
810681087
810813025
811343758
812067704
812083510
812147264
812502461
812598617
813510566
813864367
814177226
814427475
814845708
814866151
815636842
816802579
817177893
817446149
818275596
818571204
819245048
819695466
820586272
821341086
823087445
823589514
823858649
824023248
824045883
824776050
824885209
825892424
826143117
827189814
828172800
828482780
828716669
829424635
829762773
830830779
831785530
832342577
832847634
833829258
834363784
834522560
835057269
835144766
835657989
836596496
836963029
838106639
838296954
838957840
839750070
840034117
840166868
840256183
841387085
841705276
844216361
844290771
844380643
844433903
845511605
845593753
846513895
847953967
848420585
848424922
848726369
848833978
848872907
849385165
849622321
850386727
850618332
851160312
851559517
851945134
851960115
852790506
853336235
853986149
854086446
854238850
854304866
854535968
854742531
854802811
855389134
855888214
858169312
858554813
859274153
859691158
860096199
860319409
861076509
861129022
863945994
864339646
864795655
865052945
865253826
866368518
866551363
866622806
867580730
868758480
868827966
869213973
869736143
869820012
870417849
870726262
870962770
873870986
875538176
875746311
876357346
876592120
877016978
877176956
877252372
877309970
877331988
877876978
877896636
878161731
878334604
880742733
882276689
882362285
883104589
886173464
886396168
886433031
886485122
886773531
886812379
886956791
887149498
887251089
887316136
887721458
888009270
888292119
888311347
888603119
888851152
889876978
889945634
891287389
891912503
892095854
892228147
893572714
893935532
894122251
894314517
894551010
895237306
895344820
895444190
895819943
895821845
895924785
896433907
896571743
896702017
897252268
899115543
900191527
902449146
902557961
902630985
902806622
903080285
903662710
903670562
903776562
904676948
904939547
905499064
906751003
906931897
909190821
910030580
911170884
911244146
911570368
912053272
912859748
913283476
914628520
915142174
915150565
915437099
915439640
916489979
916863187
918040684
918812361
918944262
919601295
919865219
920027081
920163542
921220753
921412422
921433928
922911696
923937205
924139353
924289235
924421797
924436438
924452741
924552214
925366852
926273220
926776367
926819725
926994579
927128885
927263737
927736135
928362302
929767059
930854059
931023339
931136961
931157478
931434247
931502430
932757653
932947828
932956694
933674812
934663823
934805856
934906163
935413426
935778587
935831110
935850201
937286283
937831274
938816106
939166669
939190481
939683274
941737466
942183455
942314394
942512935
943029476
943181478
943429335
943909256
944996004
946530184
946686174
948471121
949903864
949951084
950009222
950118864
950352675
951086631
952556508
952819717
953040228
953424293
953538165
954077911
954699746
955742045
955799356
956050953
956394984
956765812
956884581
957107271
957836204
958630297
958656163
958778929
959807232
960420770
960816562
961135401
961348875
962054984
963820273
964793424
965121042
965318762
965650492
966268300
966318361
966588128
967226154
967903174
969281182
971122193
972348911
973747823
973748200
975320324
975633851
975640229
975788222
975861177
975965718
976053168
976303715
977083253
977263579
977395967
977571721
977787595
978045276
978957668
979339081
980314724
980994785
981327508
981925420
982024309
982123516
982865294
982956311
983044290
983411348
984061387
984356444
984583501
985559214
986133170
986176184
986272407
986897699
987052306
987377979
987558720
987915615
988593296
988811042
991541821
991824160
992439141
993435242
993505677
994674896
994958004
994975324
996785567
997007048
998219934
998441308
998850355
999122305
999852757
1000064709
1000781991
1002367032
1003636398
1003971005
1004436726
1004508606
1004839428
1004949148
1005661297
1006157759
1007258552
1007434166
1007448519
1007505271
1007695952
1007938023
1007950681
1009741103
1010264264
1010658138
1011240112
1011360343
1011423807
1011611500
1012538897
1012857082
1013217257
1014211494
1015166004
1015592248
1015608789
1015625426
1016663718
1017522569
1017740185
1017928729
1018123081
1018419687
1019844702
1020008767
1020072705
1020080576
1020424034
1020584501
1021217336
1021502988
1021522301
1021863900
1022361186
1023764412
1024123916
1024233151
1024233733
1024580403
1025136676
1025560721
1025622980
1026596927
1026833250
1026894985
1026929121
1028458328
1028776412
1029991188
1030148819
1030469115
1031019384
1032306993
1032778446
1033287155
1033612779
1033687338
1033730751
1033861150
1033939182
1034026403
1034100646
1034307048
1034765606
1035500026
1036177986
1036573353
1037364749
1038310384
1039162818
1039653655
1040194530
1040433114
1040564648
1041049025
1042002916
1042216623
1042449839
1043019561
1043107475
1043684909
1044396801
1044561648
1044643536
1045273254
1045907463
1046038978
1046216576
1046364403
1046671689
1046697852
1047194997
1047343463
1047375498
1047462140
1048237335
1049313228
1049325596
1050439660
1050613225
1050653420
1051003768
1051072222
1051189173
1051271648
1051629522
1052048890
1052106673
1052463697
1052999865
1053138616
1053696922
1054328329
1054979766
1056809018
1056966109
1057229766
1057593457
1058066370
1058598282
1059258328
1059536199
1059885362
1060200722
1060575703
1060897976
1061175296
1061273662
1061446584
1061637092
1062206631
1062952576
1063119274
1063240124
1063519543
1063831292
1064401205
1064992125
1065464620
1065499065
1065699175
1066227351
1066365634
1066367520
1066460760
1066540207
1066558999
1067149451
1067267673
1067290558
1067764777
1068035964
1068036083
1068428759
1068543007
1068632242
1068692818
1069328538
1069371820
1069434442
1069511633
1069608769
1070326828
1071002303
1071487894
1071594380
1071610824
1071877211
1072013424
1072284952
1072944635
1075201434
1075219765
1075378931
1075583489
1075591889
1075862255
1076889302
1076889835
1076909119
1076927698
1077013090
1077061663
1077210543
1077466197
1077594853
1079322804
1079380078
1079758967
1080149512
1080950145
1081585404
1081595281
1081716870
1081991237
1082315095
1082795015
1083015251
1083152743
1083494656
1086294893
1088442730
1089026371
1090988096
1091048846
1091657080
1092035198
1092982192
1093012196
1093443848
1093741549
1094593562
1094764888
1095689128
1095751939
1095793583
1095915710
1096106192
1096190794
1096596178
1096896412
1097007600
1097545832
1097997749
1098003922
1098575954
1098792245
1100259756
1101095227
1101643033
1101744535
1101817377
1101979722
1102158909
1102256982
1102431041
1102766358
1102781051
1103263449
1103314188
1104687351
1104935066
1105893471
1106412792
1107635620
1107738440
1108156732
1108524973
1108724077
1109316176
1109384674
1109396336
1110296909
1111314964
1111761442
1112220888
1112801193
1113517309
1113581714
1113632701
1113745335
1113954939
1114350832
1114679475
1114878926
1114902381
1114939930
1115031847
1115194925
1115988333
1116374795
1116782461
1116948190
1116994832
1117080250
1117929916
1118000705
1118765215
1119727166
1119887783
1120329079
1120646115
1120761906
1121050351
1121050430
1122394079
1122472680
1123262325
1123324186
1123457997
1124160080
1124610075
1124757679
1126537600
1128094818
1129662769
1129740570
1130193963
1131066339
1131398843
1131501862
1132332540
1133193215
1133447392
1133506208
1133696040
1133730284
1134213551
1134754974
1134787142
1135161389
1136813744
1136868144
1137085782
1137182985
1137445566
1137573283
1137720098
1138069282
1138407295
1138581327
1139295859
1139722522
1139854680
1140600911
1140637183
1140875052
1140945793
1141701618
1142033173
1142098763
1142726666
1142975483
1143825807
1144247216
1144354083
1145978828
1146333442
1146333759
1146947410
1147058740
1148310342
1149034469
1149225658
1149309842
1149571177
1150151259
1150214869
1150476638
1150549799
1151304240
1151450069
1151754243
1152190885
1152361845
1152440815
1153434919
1153548803
1154827851
1155022355
1155338426
1155642388
1155981137
1156025520
1157686045
1158225522
1158274078
1158436738
1158547682
1159915974
1160347586
1161442560
1161734053
1161810458
1162043091
1164106149
1164376675
1165799918
1166208862
1166621136
1167604194
1168705132
1168898179
1169123560
1169534158
1169653566
1169847593
1169880807
1170606638
1170681820
1170766865
1170870011
1171601311
1171812191
1174236921
1174299993
1174437346
1174629400
1174833607
1175541376
1175561958
1175730803
1175933697
1176097962
1177503325
1179054636
1179262577
1179453269
1179495257
1180480589
1181406671
1182554576
1183101397
1183366977
1183735348
1183768141
1184151707
1184249240
1184445114
1184781920
1184840498
1185252934
1185811213
1186006457
1186073744
1186208147
1187939757
1188024407
1189827060
1190132111
1191527515
1191797800
1191829343
1191920121
1192259359
1192448002
1192730592
1193182930
1193218118
1193314697
1193474287
1193844366
1193976347
1194695398
1195272056
1195484141
1195756679
1196424053
1198574330
1198967456
1199948385
1200271196
1201435870
1202340489
1202760447
1203033213
1203720879
1204172859
1204833329
1206494032
1206699079
1206796162
1207173048
1207212686
1207815678
1207957978
1208074584
1208412425
1208742547
1208754762
1208783499
1209284425
1209787737
1211313223
1211656429
1211861987
1211917330
1212589782
1212859967
1213327608
1214114454
1215033239
1215443972
1215517072
1215950499
1216033601
1216685781
1216793841
1217268029
1217316887
1217887602
1217932154
1218104776
1218238659
1220521760
1220827976
1221195471
1223363967
1223596817
1223631400
1223922697
1224288324
1224334980
1225444687
1225634983
1226069386
1227509456
1228065972
1228576998
1229287362
1229832903
1229921994
1230744184
1230757876
1231177753
1231184120
1231531395
1231568649
1231630857
1231776670
1232043952
1232206015
1233711014
1234129029
1234205797
1234605996
1234823257
1235326810
1236491083
1236688337
1240060080
1241619952
1243059218
1243452541
1243865975
1243992562
1244711971
1245327736
1245880124
1246852013
1247279958
1247402509
1247504996
1248064251
1248827058
1250343336
1250413988
1251596914
1251791851
1251831647
1251932664
1252682940
1253355644
1253356405
1254018655
1254144175
1254762304
1254985030
1256131268
1256660270
1256812472
1256847505
1257994679
1258393391
1258434333
1258664476
1259262988
1259783379
1260100733
1260463289
1260475580
1261101763
1261332436
1261682286
1262646436
1262796874
1262869123
1263353101
1264323881
1265213850
1265251090
1265489502
1265830942
1266527020
1267039927
1267558147
1270364125
1270543926
1270700176
1270725192
1271980236
1272384900
1272524493
1272650969
1272777631
1273394446
1273421018
1273521000
1273811349
1274095743
1275201823
1275478862
1275760535
1275868353
1275954862
1275985885
1276098241
1276108632
1276309241
1276472145
1276986045
1276997159
1277283418
1277631326
1277709339
1277815968
1278128051
1279342046
1280008360
1280488450
1280820138
1281483431
1281673929
1281927224
1282545522
1282686022
1283287618
1285266777
1287092676
1287476668
1288096232
1288411542
1288811973
1288973770
1289375472
1290128011
1290132475
1290287226
1290768059
1291502624
1292765263
1292804429
1293282660
1293378877
1293380494
1295085657
1295570371
1296631301
1296708731
1297345144
1297370328
1297498725
1297502402
1298551915
1299740978
1299779536
1299830709
1300084121
1300097177
1300214197
1300449548
1300522574
1301213439
1301286510
1301295805
1302464565
1302512939
1302688167
1303297290
1303318610
1303440677
1303445818
1303600421
1303696685
1303814547
1304267745
1304503770
1304511833
1305352032
1305613483
1305794129
1306503713
1306909870
1307039444
1307091046
1308242359
1308330440
1308546139
1309051574
1310002003
1310458404
1310548676
1310638981
1311689142
1311825760
1311927581
1312281044
1313787581
1313834636
1316120268
1316972873
1317065178
1317103987
1317823713
1318773871
1319235904
1321341614
1323486549
1323575047
1324692901
1325201530
1326170074
1326240830
1326794829
1327757542
1329104430
1330382566
1330482530
1330587949
1331308146
1331744266
1332504972
1333027759
1333127723
1334300861
1334481925
1334704687
1335335974
1335374424
1336086121
1336453979
1337121726
1338635908
1339432202
1339624332
1339879454
1340190829
1340528197
1341877605
1343032398
1343276685
1344443511
1344653555
1345962535
1346121415
1346513705
1346547180
1346817768
1346935982
1347198783
1347214475
1347505919
1347933312
1348366665
1348374829
1349087377
1349314260
1349409722
1350327584
1350478257
1351128900
1351834859
1352688087
1353004426
1353529109
1354365245
1354710781
1354750416
1355267857
1355779513
1356449797
1356699673
1356900201
1356915482
1356982376
1357244731
1357464168
1358262106
1360148554
1360232488
1362103691
1362600234
1363577096
1364379814
1364503896
1364545062
1365215418
1366227624
1366661394
1368746688
1370168952
1370765926
1371152366
1371325190
1371505987
1371578683
1373065467
1373122428
1374943783
1375012040
1375556935
1375556948
1375654598
1377997166
1378419445
1378653494
1378829256
1378889221
1379884712
1380070756
1380371223
1380502359
1380772379
1380773395
1381205379
1381366926
1381852144
1381931306
1382069088
1382834965
1382949599
1383077742
1384074921
1384081300
1385557035
1386361025
1386829079
1387333152
1387646809
1388042912
1388201288
1388378827
1388533690
1389040818
1389064073
1389076598
1389419241
1389926255
1390153127
1390697626
1390765124
1391872439
1392108615
1392569949
1392809138
1393000585
1393458380
1393651533
1393743996
1394917799
1395026349
1396295482
1396328377
1396590333
1396782499
1396908438
1397484724
1397510297
1397555014
1397874459
1398105237
1398681509
1399083734
1399285846
1401093638
1402282014
1403603526
1404892561
1405239599
1405348071
1405718366
1406184535
1406228100
1406805514
1407588146
1408104056
1409043394
1409666791
1410056853
1411086173
1413256076
1414189780
1414321075
1414625212
1414732572
1414979558
1415802665
1416272514
1416594647
1416780106
1417329516
1418461789
1418684008
1419517683
1419996870
1420951123
1421397473
1421483220
1421795384
1422121390
1422270438
1422530481
1422801972
1422908706
1424169156
1425273709
1427350036
1428596991
1428697842
1429543851
1429959663
1430107647
1430208211
1430730692
1431027168
1432689739
1433510600
1433538331
1433553572
1434500919
1435468301
1436368050
1438804955
1439100911
1439163670
1439465626
1439769099
1440263204
1442396137
1442747190
1443924404
1444263618
1444327015
1445042887
1445222999
1446896687
1447136885
1448107717
1448115610
1448142465
1448231872
1448474140
1448673721
1448872122
1451697474
1452011938
1452360708
1452396341
1452783890
1453272008
1453356029
1453982396
1454874055
1454891888
1455323948
1455800046
1456432372
1456735856
1457932848
1459486113
1459787156
1459876764
1461677723
1461705842
1462872341
1463055651
1463129906
1463457021
1464616238
1464943194
1466035031
1466378003
1466446704
1466621173
1467753434
1468479970
1468538376
1468686126
1468921326
1469187795
1469462038
1471931519
1472691159
1473355368
1473361275
1475800535
1475872768
1476115688
1476558376
1476953693
1477141073
1477226103
1477929179
1478411431
1478520278
1479004730
1480673085
1480742205
1480843453
1480881696
1480882344
1481125616
1482089463
1482229820
1482477309
1482618026
1482658239
1482816191
1483098677
1485231710
1486423392
1486623313
1486634700
1487025174
1487265171
1487392220
1487894538
1487921517
1488236399
1488272180
1488725673
1488900993
1489230872
1489326471
1489925716
1490753770
1490817997
1491685363
1491976640
1491994812
1492042363
1492421414
1492846672
1493545362
1493555317
1493992633
1494049302
1494646336
1495297984
1495858833
1496175253
1496393445
1496769223
1497507484
1498497463
1498828950
1499096198
1499864205
1500179854
1500936269
1501117358
1501188105
1501307154
1501398415
1501414014
1502421934
1503068093
1503129875
1504915513
1505194042
1505945556
1505996884
1506206019
1507235419
1507834166
1508209637
1508356811
1508510093
1509614474
1509846319
1510038413
1510134008
1510499724
1511137971
1511605743
1512029959
1512196445
1512239223
1512240405
1512927990
1513628583
1514891008
1515497416
1515787914
1515813034
1517440022
1517516550
1517838427
1518566170
1519197614
1520049581
1520326450
1521173499
1521297293
1521648053
1521729090
1521906438
1522224939
1522225646
1522335282
1522377596
1523754402
1524103061
1524198613
1524692024
1524912441
1525057025
1525169998
1525316527
1525400799
1526427761
1526491746
1526919834
1527172739
1527988970
1528201976
1528390058
1528501453
1528712928
1528955139
1529233538
1529953944
1530118187
1530526972
1531569482
1532227993
1532813957
1532867768
1533375336
1533380022
1534132447
1534946276
1535547477
1535792063
1536019043
1536978875
1537122198
1537773766
1537869383
1538599161
1539597021
1539617571
1539705374
1541043189
1541655008
1542108658
1542188456
1542563096
1543038356
1543747849
1544464931
1544949499
1545895077
1546497478
1547195024
1547482262
1547526275
1547719967
1548019283
1548365648
1549714483
1550767222
1551235060
1551452959
1551663420
1551760933
1552582488
1553260968
1553448355
1554152135
1554257966
1554438534
1554660980
1555089856
1555130959
1555229066
1555618934
1556062414
1556745732
1556994624
1557031991
1557169878
1558187537
1558434718
1558548233
1559263095
1559390234
1559611434
1559770563
1559863199
1560038939
1560082054
1560195479
1560403144
1561284133
1561377166
1561600997
1561786689
1563469055
1563738770
1563957926
1564025550
1564749050
1564948913
1565723073
1567010289
1567409108
1567732845
1568204544
1568397533
1568717359
1569123075
1569226445
1569654291
1570059235
1570918793
1571321295
1571375842
1572642133
1572849045
1573768753
1573862885
1574220589
1574428079
1574656698
1574690302
1574794630
1575145683
1575386847
1575847655
1577190178
1578031059
1578284367
1579549537
1579710827
1580372576
1580644076
1580951891
1581499210
1582197331
1582524206
1583221453
1583377031
1583516632
1584019263
1584664025
1584941716
1585327473
1585836086
1585864340
1586303268
1586826842
1586832036
1586845690
1587414092
1588090971
1588825508
1588957690
1589049399
1589352478
1589649632
1589872003
1590467748
1590502032
1592272989
1592350521
1592477835
1592704288
1593042602
1593128176
1593298064
1593304239
1593870342
1594171304
1594376091
1594618228
1594629466
1594776789
1594800640
1595103441
1595643287
1596664063
1596720344
1597341164
1597374211
1597401956
1598033275
1599032034
1599202630
1599320236
1599442437
1599991011
1602327368
1602428740
1602621734
1602728679
1604958311
1605031164
1605308103
1606680875
1607500327
1607793176
1608755325
1608969254
1609076927
1609814772
1610469653
1610952525
1611296405
1611673852
1612316037
1612713069
1613808589
1614178270
1614436442
1614580600
1615900445
1615909889
1616563748
1617031191
1617135249
1617748084
1617968463
1618260070
1618378042
1618415261
1618475192
1619562274
1620032885
1620229509
1620449938
1620490454
1622194219
1622471420
1622549664
1623647604
1624200715
1624771574
1625045838
1625056188
1625614235
1625902108
1626433465
1626673904
1627047620
1627680183
1627895546
1628364045
1629191302
1629768994
1630041043
1630723121
1630820071
1631364674
1632489229
1632790831
1632911652
1633544365
1633887441
1634038840
1635124667
1635464204
1636262794
1636625107
1637233810
1637847589
1638060052
1638317130
1638617762
1639597531
1639767312
1639926864
1641079871
1641123738
1641209911
1641493174
1641531034
1641668874
1641754253
1641817695
1642002259
1642362059
1642538360
1644429112
1644522354
1644780433
1645521784
1646307012
1647379501
1647718129
1648014882
1648363699
1648649461
1649632616
1649913913
1650364361
1650478990
1650525543
1651532467
1651662650
1651761997
1651818696
1652036438
1653750525
1653915008
1654141587
1654426128
1654847521
1654888184
1655076817
1655708856
1655874593
1657237141
1657359789
1657447008
1657603449
1658148659
1659528981
1659585128
1659650826
1659762148
1660285350
1661539219
1662884622
1663438001
1663688803
1663909675
1663931660
1664295263
1665804655
1665879640
1666423871
1666556561
1666710065
1667054916
1667464298
1667792123
1668676489
1668864911
1669522230
1670144487
1670585347
1670749488
1671550733
1671924684
1672509758
1673365870
1674069053
1674104831
1675524675
1675623428
1676584000
1677446977
1677603867
1677904142
1678433024
1678927820
1679175755
1679785002
1680095364
1680368439
1680856281
1680891638
1681024940
1683551337
1683823309
1683833116
1684143414
1684178941
1685529651
1685760937
1685836210
1685937364
1686596871
1686621548
1686660937
1687238669
1687266317
1688089597
1688372527
1690153926
1690550326
1691588838
1692145040
1692153042
1692626763
1693234362
1694161922
1694226098
1695137446
1695371988
1696017993
1696636455
1697238032
1697355082
1698694507
1698742198
1699537323
1699905382
1700907774
1701068337
1701266289
1701998793
1702390130
1702417456
1702435773
1703060157
1703971285
1704387090
1704490674
1705330954
1705820472
1706681745
1707071351
1707153451
1707791120
1707891565
1708143901
1708417034
1708439886
1709117407
1709218256
1709432845
1709479522
1709966808
1710945689
1711214517
1713414548
1713470918
1713930205
1714985359
1715146785
1715541118
1715970076
1716039949
1716722358
1717309933
1718623050
1718912698
1719864065
1720490256
1720585163
1720671479
1721032269
1722133506
1722621982
1722987799
1723500972
1723882649
1724761016
1726565460
1727199535
1727234135
1728125803
1728336340
1729049156
1729120597
1729209536
1729894964
1730077688
1730169996
1731011081
1731020315
1731578183
1731588321
1731621575
1731989420
1731992150
1732127821
1732559509
1733179490
1733197799
1734028152
1734213783
1735572374
1735899930
1736000339
1736199677
1737526911
1737669549
1737793279
1737980656
1738038170
1738231954
1738418175
1738452807
1739285938
1740283088
1740344875
1740523617
1740923027
1741269289
1741628605
1741890283
1744331101
1744508308
1744996771
1745908147
1746133861
1748857228
1750850314
1751009922
1751569019
1751758982
1751845635
1752501017
1752754285
1752798437
1753311704
1753979089
1755070788
1755498180
1755871375
1756126943
1756417062
1757226723
1758492952
1759671981
1760022162
1760065656
1761815601
1761828930
1762791323
1763416184
1764124717
1765384542
1767528569
1767877749
1769277238
1770115339
1770236646
1770855654
1771015013
1771593363
1772315444
1772553816
1772843620
1773104626
1773538765
1774209035
1774358330
1774935797
1774974907
1775403451
1775457120
1775791153
1776368134
1776450997
1776622688
1777642591
1778319843
1778796558
1779755831
1779936226
1780133435
1780608999
1781815321
1782198148
1782395967
1782426231
1782786644
1783724198
1784100038
1784292347
1784341501
1785122100
1786426219
1786564637
1786927023
1787141827
1787181431
1787349821
1791153708
1791243009
1791467216
1792037714
1792115383
1792354317
1792575702
1792981007
1793437053
1793472116
1794602878
1794668024
1794953122
1796018049
1796130080
1796521581
1796690779
1796793761
1797741249
1798127877
1799463787
1799601889
1800108321
1800922919
1801617818
1801973763
1802073479
1802388105
1802446361
1803242607
1803974044
1804175573
1804426600
1804747578
1806361645
1806510852
1806533614
1807291916
1807469579
1807565336
1807950675
1808753085
1809446691
1812888959
1812905571
1814040139
1814233069
1814323144
1815115293
1815730269
1815942750
1817343340
1817616922
1818165617
1818409419
1818480487
1818941986
1819246148
1819377597
1819948736
1820377989
1820650844
1821500286
1821835700
1822439940
1824100629
1824188399
1824233633
1825074269
1825332857
1825432035
1825455468
1825760818
1826524842
1826867903
1827495196
1827736297
1827891111
1827896448
1828123037
1829832612
1829944709
1829954179
1830028988
1830462430
1830571838
1830861307
1831073094
1831525588
1831647343
1833027134
1833488003
1837442131
1837462634
1837874931
1839852648
1840225472
1843211226
1843258762
1843691994
1843737299
1844826913
1845291461
1845349385
1845742975
1846368072
1846585429
1847051969
1847121955
1847301474
1847505584
1847891670
1849548784
1849678266
1849869509
1850435419
1850977723
1851457268
1852118423
1852349078
1852746970
1852808903
1855247325
1855434892
1856232771
1856400104
1856629991
1857392328
1857394234
1857478166
1858005542
1858240303
1858614068
1859420372
1859670851
1860362086
1860402481
1861189628
1861568431
1861771306
1863470158
1863897800
1864892656
1865072645
1865180917
1865960314
1866817237
1868465124
1868555773
1869143116
1869551278
1869656211
1870018534
1870366988
1872569426
1872618934
1872725361
1873648797
1875164765
1875683848
1877355411
1877795882
1877890167
1878820203
1878841558
1881186012
1882899957
1883562154
1883712767
1884719811
1885169334
1885213215
1885818010
1885839428
1886148545
1886222878
1886457455
1886813432
1886952129
1887315459
1887502317
1888096331
1888713706
1889891825
1890326452
1890406914
1890506198
1890645906
1891083058
1891176770
1891186289
1892469337
1893147151
1893734457
1893742640
1894138982
1894451287
1895716572
1895803340
1896415563
1896485744
1896622895
1896951663
1896972455
1898226466
1898943953
1899061615
1899117252
1899227699
1899860079
1901072833
1901662742
1901933933
1903489497
1904407001
1904926979
1905222134
1905239546
1905253902
1905434844
1905601362
1906883253
1908025127
1908026029
1908388912
1908560758
1909017577
1909673381
1910746339
1912317701
1912557842
1912702408
1913645244
1913999248
1914007955
1914011897
1915006407
1915081232
1915655121
1915953523
1915987766
1916020610
1916304153
1917662079
1918362564
1918643795
1918815987
1919233401
1920379857
1920815713
1921400005
1921463441
1921913718
1922363832
1922492818
1923009597
1923427529
1923468490
1923815647
1924220066
1924679717
1925226618
1926175316
1926422357
1926654993
1927153327
1927493793
1927594012
1929399890
1929458697
1929669637
1930079702
1930177873
1930332268
1930366779
1930515051
1930591720
1931282464
1932642105
1933310886
1933436209
1933854960
1934136718
1934485032
1934797781
1935765088
1936887215
1937165781
1937248978
1937427041
1938071274
1938116137
1938404832
1939660275
1939720167
1940131859
1940383895
1941111019
1941278092
1941381816
1941793976
1941841758
1942053078
1942080467
1943029142
1943334666
1945467085
1945681061
1945818789
1947573333
1949157422
1949340842
1949818276
1950015118
1950112431
1950551459
1950970426
1951658860
1951892069
1951972929
1952379343
1952899767
1953090842
1953622420
1953893548
1953908078
1954181826
1954387345
1954997237
1956246656
1956461238
1957085167
1957202921
1957601779
1958421943
1960461749
1960493445
1960589043
1960798507
1960855664
1961116683
1961148810
1961266781
1961587730
1961643498
1962640949
1962692287
1963360371
1964456910
1964527427
1964776741
1964778301
1966186493
1966330539
1966405728
1966429966
1966857529
1966907617
1966998195
1967884281
1968210788
1969115130
1969116736
1969389198
1970169113
1970468750
1970733804
1971972647
1972482469
1972610333
1973042828
1973180760
1973508349
1973953794
1974114803
1974340152
1975111859
1975244318
1976914017
1977208940
1977219758
1977403691
1977522366
1977838415
1978242574
1978611837
1978706954
1979519227
1979724599
1979750644
1979877528
1979918095
1981700485
1981755693
1982271848
1982422419
1983327138
1984264791
1984359789
1985127720
1985792343
1986598754
1986647657
1987128945
1987970944
1988585155
1988879370
1988943201
1989388646
1989906195
1990673979
1990713825
1991169618
1991777438
1993070712
1993353643
1993469168
1994088111
1994370477
1994783168
1995327801
1995547081
1995636915
1995639576
1995720423
1996167123
1996492700
1996876037
1996932714
1997298391
1997962978
1998146784
1998237374
1998290186
1999697869
2000078098
2000719810
2000759634
2001862667
2002389457
2002476892
2002871937
2003082635
2003769635
2003851216
2003868517
2005156232
2006529281
2006612943
2008008645
2008218407
2008635187
2009583022
2009583165
2009628878
2010683763
2011063147
2011373672
2012541041
2012924388
2013124409
2013259614
2013599342
2014421718
2014668111
2015093976
2015847285
2016062673
2016408708
2016507682
2016743688
2017351107
2017380778
2017447107
2017775687
2018376851
2018863443
2020138365
2022389954
2022437878
2022796113
2022799335
2023098398
2023237052
2024162896
2024664896
2024817389
2025431016
2026144351
2027284965
2027563605
2027570929
2028200296
2028525549
2028580680
2028678074
2028682389
2028992566
2029319114
2029471538
2030757709
2032200078
2032817361
2033526085
2034354621
2034742640
2034814862
2035678623
2035838247
2036015404
2036352971
2036976900
2037037144
2037045223
2037325895
2037726472
2037737545
2037937524
2038134940
2038258134
2038300762
2038332312
2038815743
2038834752
2039068431
2039611216
2039656088
2039953617
2041314813
2043144419
2043988470
2044372792
2044375421
2044661181
2045195858
2045513145
2045968946
2046030211
2046467444
2046482475
2046847304
2047265143
2048960560
2048976533
2049715662
2049914179
2051061907
2051269814
2051454008
2051940753
2053080750
2053560064
2053788329
2054369524
2054937766
2054984885
2055749894
2056573042
2056793225
2056852438
2057170001
2057431231
2057574250
2057863971
2058563536
2060409863
2060571315
2060757910
2061028345
2061062873
2061106591
2061419193
2061425678
2062958382
2063256771
2063807016
2064185004
2064228211
2064410485
2064668058
2064720854
2065499186
2065991208
2066347896
2066832808
2067510906
2067617935
2068038961
2068516180
2069855286
2069903561
2070142927
2070762931
2071050706
2071194982
2071301067
2071980395
2073400794
2073807179
2073901631
2074095865
2074096443
2074939335
2075700241
2075722469
2075955103
2076736487
2077090779
2077214097
2077858621
2078527177
2078664882
2078900864
2078945841
2079001800
2079266118
2079433467
2079780442
2081154297
2081357826
2082080902
2082123777
2082410584
2083892788
2085139437
2085659248
2086114388
2086637184
2086725425
2087458253
2088931959
2089579433
2089885474
2090456626
2091465774
2091694759
2091824664
2092321167
2092543505
2093551991
2093711902
2093803357
2093830897
2094082107
2094346786
2094529648
2094643410
2094777744
2094852833
2095282152
2095450950
2095492406
2096359759
2096528621
2096548905
2097434287
2098047563
2098347322
2098479716
2099568221
2101040290
2102149818
2102614197
2103721040
2104675409
2105047835
2105997369
2106920512
2107481633
2107658722
2107780105
2108298719
2108725218
2109490951
2110094997
2110438754
2110616750
2111337909
2111661153
2113303391
2113343350
2113532589
2114397099
2115389531
2115565484
2115796153
2116280933
2116874715
2116880588
2116957027
2116982819
2117487827
2119649456
2119792127
2120534524
2121780143
2121806520
2121868212
2122390374
2123775556
2123879887
2124360337
2124989184
2125498077
2125581203
2126475935
2126804889
2126956716
2128908453
2129086299
2129414160
2129418660
2129664320
2130166291
2130408171
2130765811
2130902590
2130944535
2131029105
2131229168
2131753536
2131917196
2132021287
2132098103
2132104274
2132365540
2132601735
2134673222
2137162786
2137258732
2137338516
2137514944
2138046814
2138264213
2139297293
2139443189
2139769044
2139819912
2139887833
2141032330
2141077313
2141087194
2143129714
2143440948
2143796742
2143831107
2144391156
2145066388
2145369596
2145739404
2146667358
2148931967
2149790971
2150263014
2150550047
2150639485
2152170603
2152422942
2152460280
2152637365
2154281639
2154293056
2154587845
2154656344
2155007851
2155761654
2155818662
2155830338
2156083075
2156519870
2157105920
2158073307
2158348700
2161648315
2161898707
2161940429
2163209619
2164099041
2164556289
2164620592
2164823172
2164990951
2165571780
2165979547
2166894213
2166908311
2168247474
2169048170
2169343437
2170439874
2171683388
2172117375
2173251405
2173952905
2173977287
2174013596
2174268490
2175503913
2176161094
2176447023
2176749706
2176959424
2177310330
2177564279
2178655898
2179043310
2179786351
2180762199
2180791341
2182907032
2183165486
2183420063
2184681360
2185846308
2185890257
2186196811
2186224849
2186553373
2188009501
2188298548
2189133298
2189207091
2189274152
2189285247
2190770117
2190837032
2191268388
2191578396
2192302480
2192518367
2192645302
2192940654
2194451051
2194958494
2195576486
2196598549
2197291958
2197296014
2197613417
2198916586
2199696085
2199946945
2200351976
2201163035
2201565671
2201658716
2201994493
2202342625
2202873168
2203247006
2203538179
2203664634
2203787560
2204007202
2204162465
2204584026
2205146999
2206735814
2206770158
2206928505
2206937359
2207201808
2207492783
2207869383
2207927125
2209121816
2209576708
2210358016
2211011870
2213048687
2213282474
2213349829
2213378524
2214809452
2215422309
2215644209
2217164050
2218622066
2218749808
2218978248
2219028057
2220885152
2221198084
2224465830
2224631409
2224893252
2225324426
2225497936
2227983102
2228851834
2228853640
2229012074
2229333560
2229337411
2230113066
2230276827
2231012183
2231062707
2232015142
2232136692
2232205801
2232387690
2232779277
2233539910
2234268371
2234851516
2235040995
2236276794
2236341591
2236527738
2236692148
2236925684
2237081818
2237140467
2237141875
2237507983
2237724776
2238020934
2238106172
2239320402
2239519595
2240254279
2240453419
2241134127
2241459352
2241711803
2241972416
2243729152
2244015994
2244019535
2244068375
2244936025
2245204031
2247242807
2247327676
2248930949
2249492716
2250664111
2251228833
2252266242
2252634159
2252823372
2253443085
2254711862
2255725091
2255736316
2256172764
2256334376
2256407354
2257286058
2258343722
2258413974
2259052740
2259951848
2259954448
2260466116
2260606699
2260683237
2260830839
2260872942
2260891295
2260938147
2261133224
2261283099
2261395119
2262172128
2262450115
2262804675
2263019646
2263824097
2265982786
2266050928
2267152142
2268894008
2269361264
2269587485
2270181651
2270421487
2270487261
2270552971
2270609768
2270933432
2271156294
2272740465
2272842869
2272984375
2273474346
2273540762
2274474836
2274594804
2274601279
2274930183
2274990054
2276322564
2276567608
2276655831
2276948509
2277247707
2278022761
2278962854
2279931947
2280503557
2280649406
2280829739
2282529797
2282722655
2284740496
2286083962
2286328454
2286399135
2287760950
2287944596
2288446504
2288870772
2289238155
2289515566
2290065205
2290262009
2290754945
2290941737
2291041449
2291070968
2291615410
2291996105
2292111217
2292326089
2294189226
2294287907
2294806351
2295102355
2295232805
2295305360
2295645284
2296249431
2297045112
2297290269
2298139555
2298619941
2299358303
2300023027
2300147244
2300408879
2300469094
2300510818
2300753760
2300812803
2301706392
2301949212
2302865202
2304276091
2304630152
2304808439
2305729486
2306407871
2306669161
2307547691
2307661540
2308396970
2308446197
2308459270
2308670568
2308848101
2309711019
2310207359
2310459179
2310861384
2310989782
2311949857
2313179126
2313750874
2313811979
2314369781
2314870864
2315199949
2315460769
2316983468
2317028361
2317592213
2318091365
2318336133
2318447851
2319396313
2321636608
2321652975
2321704212
2323291136
2325064540
2325111111
2326261101
2326633477
2326753349
2327027976
2327819561
2327832699
2328547444
2328842743
2328939746
2328995063
2329161269
2329187809
2330187263
2330821782
2331803533
2331949669
2332768249
2333165447
2334282887
2334882185
2335497950
2336008927
2336727959
2336829044
2337007191
2337549975
2338363285
2338546124
2338568816
2339746341
2340179943
2341056377
2341087907
2341876287
2342702274
2344104924
2344218551
2344425182
2344584902
2344712768
2345991817
2346310767
2346905417
2347771090
2348179384
2348367177
2350064128
2350781174
2352256530
2352468344
2352506078
2353207591
2353637224
2353652222
2353660744
2354054769
2355278727
2355320183
2356118231
2357390028
2357598328
2357639367
2357741978
2359865265
2360628968
2361592584
2362845187
2363451839
2363967326
2364479730
2364989691
2365538874
2365539490
2366550816
2366845853
2366881800
2368003486
2369057541
2369088277
2369349711
2369528057
2369599192
2369797490
2370165308
2370568780
2370579739
2370816668
2371028711
2371883845
2372301525
2372543827
2373192842
2374173742
2374821517
2376065996
2376413717
2376432383
2376633029
2377004957
2377903204
2378185203
2378512915
2379466887
2379965856
2381829038
2383350577
2383593516
2384125491
2384669481
2385295684
2385755301
2386041469
2386103691
2386107667
2386750530
2387184052
2387296406
2387539101
2387605053
2387701494
2387740070
2388194084
2388220674
2388360638
2388743068
2388952714
2390291254
2390450077
2390909831
2391309669
2391797434
2392140827
2392748789
2393633636
2394005121
2394029818
2394522394
2394662872
2394821153
2395525787
2396370099
2396392028
2397135441
2397432672
2397453211
2397490955
2397514309
2397837400
2397873373
2399677658
2399954233
2400122022
2400368885
2400533026
2400976684
2401083741
2401105762
2402173894
2402304967
2402545904
2404430853
2404511947
2405233750
2405260769
2405308936
2405604744
2405843307
2406720256
2406760278
2407202789
2407584401
2407719602
2409556308
2410115268
2410251682
2410539441
2410756567
2414274724
2414969409
2415250664
2415508990
2415654192
2417061008
2417197627
2417926893
2418991514
2419693541
2419987404
2420241732
2420572721
2421402743
2421437771
2421440006
2422170319
2422334423
2423130132
2423220717
2423284206
2423507767
2423699985
2424593262
2424611998
2424666066
2425334667
2425878201
2426714504
2426965097
2428258466
2428342587
2428878693
2431005868
2432277949
2432395995
2433145734
2433650162
2435430607
2435818496
2436451534
2436455803
2437613894
2437681702
2438075960
2438291943
2438633948
2439199728
2439465251
2439595164
2439645260
2439714328
2440186453
2440529592
2440675510
2441739878
2442294856
2442346838
2442707156
2443625213
2443885336
2443938891
2444074955
2445924263
2447678496
2447850013
2449503515
2449700046
2450181408
2450255447
2450965552
2451383094
2452878070
2453102190
2453284565
2453804922
2453872323
2454045319
2454428324
2454913412
2455676352
2456342364
2456697056
2456991046
2457000044
2457174460
2457317850
2457347369
2457854049
2458887035
2459379702
2459840985
2460053395
2460078531
2460253780
2460383211
2461864663
2462022961
2463141583
2463694022
2463892102
2464765128
2464794627
2464978399
2465109490
2465299682
2465480718
2465846916
2467441658
2468726818
2468755176
2469637364
2470313952
2471728259
2471907959
2472202460
2472769877
2474861200
2475070087
2475080738
2475365195
2475683204
2475844602
2477115891
2477141535
2477369367
2477475257
2478021014
2478090660
2479180800
2480089388
2480847967
2482012842
2482153202
2482197869
2483034276
2484225217
2484235535
2484322524
2484369760
2484725470
2485052981
2485541444
2486840822
2487087794
2487888340
2488375584
2489267709
2489445787
2489884084
2490074962
2490434370
2491888903
2492697141
2492822485
2492951502
2493768885
2493866441
2494122760
2494594838
2494639395
2494757864
2495234009
2495294219
2495907609
2496743668
2497713355
2498100091
2498223372
2498970657
2499046077
2499120165
2499805230
2499866625
2501134505
2501218468
2501795099
2502334483
2502960273
2503375611
2504128966
2504171932
2504435642
2504550131
2504866893
2505272360
2505810051
2506678205
2507179835
2507260401
2507328947
2507543827
2508063954
2509748440
2510161040
2511040367
2511435869
2512457837
2512637686
2512810953
2513546372
2513807328
2514344115
2514805867
2514923364
2515366726
2515691904
2517408468
2517421754
2517752701
2518261795
2518837637
2520493927
2520507960
2520589955
2520997626
2521668101
2521867761
2522338231
2522603467
2522835522
2523073498
2523073774
2523248898
2523460508
2523728768
2524997288
2527576558
2528042494
2528801620
2529120873
2529585547
2530101908
2530218874
2530500588
2532124409
2532783753
2533342019
2533518689
2534251911
2534564536
2534905214
2536482694
2536719841
2537076098
2537375832
2539112959
2539557812
2541351582
2541372561
2541787602
2542134174
2543032095
2543273737
2544178831
2544551136
2546002000
2547705104
2548475733
2548609635
2549779368
2549942545
2550051372
2550059709
2550480995
2551326543
2551327252
2552044520
2552277759
2552705327
2552858595
2552930766
2553522405
2553663376
2554724220
2554783386
2555720710
2556428175
2556843277
2556919008
2557468733
2558018850
2558992217
2559112424
2561496505
2561752069
2564543828
2565472325
2565771571
2565816734
2566351938
2566568261
2567004502
2568270870
2569625630
2570061103
2570932399
2571036768
2571177685
2571207033
2571577713
2572271291
2573636172
2574060836
2574955533
2575513100
2575532319
2575576530
2576440938
2576861237
2577932053
2578267387
2578352520
2578646774
2578748446
2579090440
2579230264
2580437428
2580504760
2580654465
2581006790
2581192203
2581568849
2581641078
2581978322
2582387914
2583325194
2583517624
2583882581
2584060033
2584427627
2584837252
2585323483
2585431558
2585688866
2585744688
2585967779
2586120566
2586280894
2586321317
2586889606
2586891691
2587582149
2589669361
2590142645
2590405879
2590671281
2590737515
2590979907
2590993612
2591527056
2591528593
2592415895
2592658987
2592786425
2593221106
2594429045
2594559696
2595054469
2595151105
2595288580
2596098534
2596175908
2596975002
2597773682
2598033505
2598115540
2599426418
2600514819
2600917949
2601396249
2601474033
2601703168
2601727869
2602138093
2602354878
2603055579
2603125871
2603614072
2603955775
2604031355
2604359278
2604371717
2605764587
2605972173
2606432467
2607236857
2607438895
2608095793
2608398722
2608525412
2609531548
2610626031
2610879330
2610907783
2611964849
2611984613
2612540242
2612684820
2612883856
2613646149
2613918579
2614321623
2614591250
2614658417
2615104076
2615154722
2615299486
2615963808
2616602055
2616621249
2617464301
2617981159
2618953259
2619408373
2621364034
2621391170
2621725366
2621824159
2622072103
2622962362
2623230660
2623336801
2623463272
2623484978
2623723715
2624222445
2624724095
2626033241
2626655447
2626814012
2627856924
2627955916
2629468738
2629547636
2630241949
2630475720
2630604143
2630759409
2630766178
2630783350
2630877271
2631837224
2632229030
2632547161
2633340728
2633780227
2634191865
2634726220
2635013775
2635015378
2635790357
2636239317
2636700714
2636704179
2637014514
2637030949
2637633000
2638302906
2638520528
2638774162
2638821581
2639172416
2639292795
2639396946
2640103615
2641516057
2641870939
2642504955
2642943766
2643751532
2643783638
2645887135
2646468960
2646914863
2647142703
2647832172
2648161168
2648719229
2649925801
2650324759
2650803942
2650830002
2650917489
2651357285
2651369300
2651369370
2651630314
2652189764
2652672381
2652880809
2653118100
2653544775
2653788828
2653881817
2653916218
2654536664
2654702581
2655059738
2655136992
2655737006
2656253778
2656421533
2657259317
2657391216
2657640787
2657700180
2657775954
2658473074
2658749635
2658974711
2660312867
2660396770
2660807875
2661329834
2661492304
2661586080
2661830444
2661834699
2663340596
2663424419
2664052964
2664074172
2664282014
2664374388
2665527039
2666386541
2666868105
2667269724
2667297641
2667444973
2668291245
2668992150
2669157317
2669838375
2670330540
2671164158
2671263735
2671319096
2671475935
2672921736
2673849284
2674297329
2674910755
2675154772
2675403302
2676886144
2677090617
2677656053
2677960570
2678006876
2678581682
2679639558
2679944585
2680540185
2680635961
2681121279
2681546557
2681735716
2682422449
2682786895
2683264939
2684366088
2684378555
2684537769
2684709436
2684907977
2685203818
2685709764
2686229237
2686303967
2686846382
2686855626
2687110259
2687728924
2688092306
2689025422
2689028975
2689185418
2689411819
2689426337
2690716565
2690771789
2690919647
2691044579
2691753202
2692039732
2692720067
2694079629
2694906399
2695010826
2695295645
2695432610
2695516851
2695574981
2697874574
2698949588
2699033829
2700861172
2700940763
2701041963
2701876128
2703265552
2703701898
2704427773
2705571176
2706684284
2706700854
2706893504
2707173895
2707215337
2707236845
2708379893
2708462122
2709091454
2710298227
2711488565
2712056407
2712641696
2712766325
2712891548
2713725631
2714331913
2714871445
2715700977
2716017973
2716895726
2717279623
2717383547
2717685168
2717966351
2718071976
2719464724
2719514616
2719742210
2719937097
2721164179
2721251556
2721757987
2722556699
2722994591
2724034698
2724044196
2724400305
2724699609
2725293690
2725420740
2725547141
2726081689
2726298788
2726575098
2726679617
2726998030
2729422944
2729773363
2729854433
2730241819
2730980121
2731197448
2731257069
2732402421
2732993836
2733503267
2733885851
2734328397
2734352923
2734567383
2735997995
2736581939
2737112797
2737445105
2737545317
2737894652
2738306526
2738573439
2738859288
2738977879
2739409007
2739458022
2739573609
2739579604
2739960782
2740086823
2740285616
2740312321
2740518239
2740702808
2740721383
2741188990
2741571547
2741707357
2742040269
2742139036
2743617416
2743647891
2744023712
2744253917
2744554238
2745304911
2745708802
2746185954
2746422764
2746761910
2747073575
2748846069
2748924663
2749963055
2751393201
2751682072
2751989827
2752358263
2752814831
2753507829
2753742005
2753988496
2755398211
2755472655
2756176314
2757703623
2759024259
2759755072
2760316139
2760677908
2760711050
2760774011
2761442448
2761891219
2762961557
2762984817
2763537904
2763857057
2764063489
2764302955
2765691246
2765896996
2765917166
2766847674
2766898709
2767249460
2767710847
2768370489
2768653337
2769803901
2770165915
2770513032
2771676121
2771731338
2771842590
2772708264
2773007198
2774253344
2774265270
2774485709
2775456504
2777691153
2778148889
2778451405
2778817432
2779933816
2781004640
2781452256
2781606766
2781717301
2781972631
2782066569
2782214532
2783104152
2783572564
2783799703
2783842246
2784100630
2784515064
2784760574
2784904931
2785059779
2785416256
2786001748
2786439823
2786857019
2786884669
2787192334
2787547161
2787898422
2788441150
2789473140
2789637686
2789763565
2790034657
2790336267
2792741553
2793456114
2793892140
2794625568
2794986574
2795488343
2795728320
2796197013
2796371201
2796414180
2798038038
2798650038
2800111300
2800258863
2800323182
2800410658
2800438036
2800633226
2800993123
2801255574
2801648629
2801751105
2801950154
2802329153
2802410694
2803888115
2804065318
2804402819
2804501190
2804615644
2805150065
2806082670
2806396753
2806580918
2807117783
2807397918
2807513507
2808988045
2809031678
2809064375
2810481975
2811567520
2811790895
2812501466
2812696210
2813583259
2813981570
2814953014
2815386898
2815784633
2816313779
2816407318
2816798180
2816891416
2817056623
2817728712
2818107511
2818215513
2818617643
2820407258
2820741802
2821780836
2821838958
2822223719
2822321959
2822337396
2822529255
2822596483
2823335541
2824321907
2825786862
2826181710
2827046285
2827292619
2827522615
2828393622
2828417024
2829795502
2830097102
2831778408
2831960163
2832153468
2832363202
2832474420
2834165037
2834322013
2834349653
2834749411
2835916873
2836015346
2836717242
2836801730
2837025105
2837517392
2838137900
2838185443
2838325920
2838449738
2838825235
2839182624
2839337133
2840357754
2840375333
2841596402
2843131238
2843337164
2843356856
2843465775
2843543921
2844064009
2844604032
2844624818
2844730829
2846285915
2846358553
2847796118
2847802272
2848665871
2848886905
2848979288
2849429762
2849555563
2850010031
2850020623
2850216638
2850473406
2850639785
2851144520
2851353884
2851676245
2852443360
2852530191
2852977128
2853380188
2853389827
2853482756
2853568756
2853818690
2854362482
2855702880
2857049137
2857366962
2857454623
2858345334
2858408368
2858971219
2860957085
2861280147
2861720346
2861886057
2862025083
2862398621
2864372300
2864461408
2865136632
2865458498
2866293493
2866747027
2867590629
2867861947
2867945234
2868114684
2868389698
2868440803
2868508702
2868585684
2868602354
2868751784
2868921800
2869109424
2869164914
2869421149
2870276974
2870801123
2870947429
2870995854
2871455276
2871883740
2872211222
2872261820
2872690969
2873169885
2873314836
2874205263
2874409110
2874504611
2874919653
2876459150
2876629648
2876934693
2877223972
2877409136
2877540355
2878955513
2879349153
2879725054
2880193213
2881097337
2882020413
2882389941
2883191979
2884184958
2885036367
2885190522
2885985915
2886648364
2886724390
2886976478
2887539497
2887785509
2888374077
2888395660
2888438568
2888452998
2888814588
2888856592
2889746219
2890297437
2891017006
2891383591
2891588073
2891971314
2892310681
2892982458
2894280391
2894378295
2894672880
2894959356
2895117623
2895418658
2896309376
2896520562
2896798592
2897448404
2897906006
2898571533
2898662496
2898760619
2899497789
2900299986
2900333389
2900918392
2901151052
2901229011
2902086805
2902358650
2902408390
2902742600
2902743282
2902946058
2903001614
2903133857
2903791056
2904109683
2905129070
2905527031
2906067317
2907338348
2907590320
2908647794
2908736093
2909143944
2909693103
2910435181
2911792658
2911909490
2913356589
2913396925
2913714896
2913889742
2913965218
2914007895
2914476832
2915043218
2915398293
2915536364
2916498200
2916770909
2917021492
2917500644
2918721297
2918776628
2918954362
2919090703
2919242787
2919817903
2920004127
2920071959
2920347998
2920479084
2920733825
2921045848
2921516976
2921601488
2922627266
2923071847
2923287129
2923345047
2925263776
2925351127
2925467149
2926277404
2926324258
2926457973
2926900256
2927031410
2927515675
2928207000
2929451730
2929451888
2929588714
2930821751
2931777142
2932083466
2933220987
2933856675
2934755471
2935379158
2935430337
2936548557
2937147283
2937516036
2937594791
2937736230
2937758143
2937912763
2938005954
2938068998
2938715881
2939426643
2939842644
2939873299
2941197001
2941855275
2942055524
2942769229
2943272472
2943299619
2944054102
2944313546
2944344833
2944448029
2945067425
2945493002
2945591063
2946117429
2946458969
2946670863
2946793754
2947495684
2948511953
2948953497
2952435473
2953216531
2953733447
2954217261
2955367655
2956473752
2956561862
2956689663
2957151709
2958634103
2959051990
2959235910
2960374971
2960608583
2960619004
2961667298
2961973122
2962942923
2962947229
2964443126
2964485505
2965597867
2965975488
2966152414
2966497385
2967977222
2968108360
2969099312
2969119182
2969368198
2969490390
2969973537
2969996968
2971435563
2971467171
2972118192
2972379159
2972743572
2972810599
2973072036
2973960508
2974003820
2974299062
2975031450
2975927077
2976313693
2976402008
2976600758
2976728277
2979170347
2979752689
2979932620
2980320243
2980827513
2980960092
2981038190
2981435878
2981554938
2982678956
2983628730
2983886678
2984687711
2985227340
2985472537
2985602107
2985788795
2987575512
2988086214
2988149433
2989922661
2990609344
2990825946
2991084273
2992210259
2992379780
2992823196
2992948747
2993138380
2993155836
2993633399
2993982373
2994219807
2994727778
2995001140
2995137876
2995172593
2995772066
2997225748
2997836563
2998379603
2998481459
2998654200
2998890529
2998897047
2999026894
3000518389
3000619690
3001542517
3002174992
3002377620
3002413780
3003315616
3003345619
3004537046
3004641354
3005058786
3006814692
3007132161
3007804058
3007906524
3008490541
3008518800
3008627420
3009729803
3009878366
3009903816
3010498089
3010888582
3011039370
3011133134
3011518385
3011582800
3011950390
3012115712
3012409842
3012933729
3013025092
3014220746
3014277203
3015179740
3015366636
3015458329
3015925579
3016145366
3017523650
3017670625
3019043591
3019913357
3019954913
3020144904
3020200389
3021419067
3023064396
3023830918
3024414087
3024893307
3024999912
3025100527
3026300318
3026604293
3026708473
3026711243
3027142779
3028012144
3028490981
3028785075
3029355368
3029864160
3029888307
3029941784
3030096586
3031926157
3031986181
3033145013
3034107975
3034398495
3036129076
3036888614
3037793347
3037957548
3038054989
3038296910
3038581634
3038644331
3039345782
3039484810
3039716193
3039716607
3039866553
3039933781
3040408074
3040619848
3040786005
3041849293
3041953397
3042289038
3042849990
3043326612
3043809541
3043834098
3045062376
3045104221
3045389403
3045428633
3045838835
3046339867
3046574603
3047575325
3048378353
3048426090
3048613553
3048669277
3049212536
3049488424
3049560929
3050226256
3051029782
3051170535
3051383346
3051781119
3052723196
3052757500
3052837484
3052847244
3052950532
3053438794
3054188166
3054657673
3055111617
3057416303
3058696863
3058813386
3058900323
3060819747
3061881415
3062565021
3064023161
3064765799
3065365945
3065895283
3066162310
3067153814
3067460729
3067536742
3067713336
3068032413
3069676749
3069707453
3070688838
3071332737
3071593847
3071601588
3071708039
3072111420
3073204215
3073414052
3073973827
3074058543
3074245908
3075327840
3076746439
3076874932
3077176191
3078293011
3079319458
3079629270
3079869889
3080145742
3080429003
3080930000
3082013896
3082458660
3082810529
3083217553
3083355856
3084565974
3086444043
3086541275
3087805561
3088750455
3089910989
3090421352
3092383682
3095589928
3095774414
3095896440
3096074901
3097438496
3098009995
3099076064
3099323017
3099447210
3099603392
3099610046
3099942650
3100490787
3101279219
3101841737
3102286094
3102322847
3103458594
3104133515
3104241914
3104357062
3104505152
3104598521
3104658202
3105201802
3105519088
3105804014
3105918430
3105963543
3106857216
3108657323
3110188426
3110997559
3111335809
3111825427
3112121684
3112200831
3113314265
3113521745
3113650556
3115163260
3115220643
3115545561
3115695784
3116008083
3116530668
3116898259
3117489008
3118417184
3118730676
3118758686
3118771598
3118927031
3119060358
3119302166
3119388824
3119453244
3120526603
3120748886
3123486330
3123930136
3124410737
3125483905
3125908394
3126079172
3126436986
3127211844
3127282153
3127283452
3127314859
3128586960
3128776834
3129854361
3131859271
3132340096
3132576763
3132629201
3133000509
3133229342
3134000625
3134671902
3135127561
3135749879
3136119139
3136989014
3137388504
3137701532
3138062902
3138686726
3139203482
3139328258
3139645493
3139651962
3140198056
3140313680
3140544023
3140684644
3140883870
3141138416
3142962305
3143265207
3143526103
3143886071
3144388855
3144796823
3147041543
3147660393
3147700326
3148016676
3148990261
3149013449
3149432310
3150006572
3150227805
3150372287
3150390169
3152332959
3152836262
3153000469
3153280670
3154161598
3154429114
3154513958
3155201622
3155449494
3157052215
3157407046
3158001944
3158461433
3159275115
3160190821
3161395275
3161977514
3162826608
3163277275
3163831141
3164013532
3164782502
3165410725
3166075971
3166473785
3166492831
3166553387
3167272876
3167864904
3168079586
3169175028
3169540462
3169796972
3172174122
3172824624
3173058779
3173098151
3173845511
3174110727
3174644608
3176296809
3176320903
3176674899
3176847250
3177922630
3178259913
3178296392
3178486892
3179320592
3180181294
3181418322
3181448121
3181733938
3182051606
3182710846
3184332564
3185339876
3185372984
3186036195
3187527234
3189013969
3189578349
3190391675
3191423103
3191604269
3191711471
3192613554
3193032215
3193863087
3193928387
3194680949
3195962412
3196952163
3197923610
3198245094
3198611241
3198707767
3198990256
3199844017
3200602090
3201154766
3201154775
3201534839
3201657476
3202598819
3202759242
3203098329
3203188286
3204088282
3204448989
3204847278
3205600962
3206453369
3206505573
3207744909
3208103472
3208152468
3208983200
3209173457
3209496468
3209657618
3210136405
3211268496
3212166221
3212833400
3214224353
3214349296
3214477807
3214651914
3214918342
3215871480
3216136425
3216400485
3216513109
3217077936
3218512488
3218646429
3219492913
3219586474
3219856168
3220031063
3221041891
3221074942
3221391538
3221395664
3222101935
3222889433
3222942885
3223943323
3224713866
3225496396
3225935289
3226271702
3227041205
3227407919
3227614822
3229032461
3229484776
3229558674
3230789129
3231347808
3232273865
3232383809
3232493879
3232935305
3232983210
3233640569
3233739034
3234671454
3234903590
3235173029
3235308216
3236039095
3236200066
3236217775
3237922508
3238059406
3238213784
3238892037
3239431008
3239844849
3239863148
3240885688
3241187361
3241207082
3241693038
3243408516
3244324382
3244502431
3245179165
3247011198
3248985121
3249973127
3250516547
3250553703
3252049180
3253137280
3254619119
3255676168
3255694403
3256263130
3256645635
3257155665
3258115870
3259711856
3259881053
3260442138
3261325185
3261358046
3261406777
3261466439
3261610659
3261779350
3262145242
3262513264
3262523258
3262771438
3263864536
3263937975
3263995504
3264069828
3264179051
3264697399
3265030046
3265451987
3265933847
3266387793
3267731559
3268059311
3268175974
3268658194
3268909444
3269183469
3269582841
3269675665
3269693118
3270416322
3271450741
3272052707
3272680358
3272837371
3273519924
3273926977
3273930182
3274337102
3274400602
3275111866
3275603107
3275773065
3276948176
3277140587
3277800254
3278231627
3280023345
3280139471
3281159853
3281480409
3281628559
3281900514
3281984670
3283711236
3283976664
3285920600
3286226406
3286522152
3287539794
3287616731
3288367452
3288974358
3289350048
3289823025
3289844107
3290321066
3290345157
3290437153
3291544484
3291619317
3292306285
3292569340
3293784804
3294308018
3294957739
3295228998
3295510529
3295543463
3295639098
3295984792
3296717661
3297175709
3297409330
3297615109
3298080745
3298305671
3298311413
3299325456
3299530872
3299598813
3299730166
3299978536
3300435311
3301347437
3301362048
3301362190
3301505986
3303075080
3304118012
3305561407
3305599455
3305623849
3305842706
3305886047
3306081062
3306210675
3306293376
3307097073
3307660844
3307763625
3308074852
3308411705
3309221760
3309397627
3309629561
3310878440
3311104128
3311302090
3312754499
3312802226
3313937260
3316019407
3316509815
3316663602
3317419592
3318153614
3318423655
3318632378
3319600480
3319808268
3320314078
3320790893
3321647346
3322180047
3322323908
3322526723
3322717161
3322864532
3322882517
3322988871
3323177515
3323444976
3323798646
3323811199
3323852878
3323902931
3324769627
3325684326
3325873388
3326951067
3326993949
3327094308
3327900278
3327920363
3328605225
3328870406
3329310872
3330103485
3330119483
3330572468
3330984206
3331404547
3331771473
3332454559
3332716852
3332821274
3332850853
3333439664
3333727214
3334619692
3335169560
3335256485
3335701299
3336128442
3337409677
3337602054
3337966618
3338239699
3338802113
3338893554
3339688892
3340167797
3340877174
3341001511
3341188093
3342456097
3342853642
3343004507
3343569732
3344031573
3344581806
3345265469
3345649925
3347704178
3347989778
3348719573
3348815555
3349224177
3350048804
3350604203
3351053055
3351212736
3351394446
3351469703
3352140091
3352185102
3352829136
3352944439
3353254411
3355497738
3355545138
3356612971
3356614322
3357110771
3357924946
3357939003
3358006185
3358302088
3358313625
3358617905
3358628763
3358705482
3359007345
3359060784
3359112707
3359664771
3359711051
3360066758
3360107403
3360841981
3362415046
3362786836
3363237896
3364642273
3364656697
3364997511
3365279027
3365876645
3366061520
3366892853
3366963438
3367966180
3368000352
3368218218
3368744579
3368910761
3369225214
3369936315
3370194350
3370283516
3372149400
3372581898
3372603131
3374066318
3374591131
3375223270
3375294202
3375476374
3375517553
3375832620
3375858045
3376292011
3376688551
3377885414
3378239113
3379692768
3379906157
3379981344
3380116330
3381308598
3381665340
3383076828
3383726894
3384218748
3384457642
3384521229
3384646460
3385620562
3385764721
3386523226
3387198093
3388133995
3388211513
3388911867
3389670314
3389988219
3390227109
3391128723
3391246110
3391418854
3391420020
3391550884
3391689688
3392607023
3392733822
3393098384
3393169353
3393982608
3394305365
3394799440
3395237950
3395577141
3395715186
3396113319
3396972612
3397262979
3398429661
3399004417
3399718142
3399822709
3400087685
3400273642
3400918471
3400972717
3400973638
3402344579
3402360888
3403747362
3404157161
3404333523
3404852730
3404913620
3405776893
3405833857
3406039568
3406706980
3407071026
3407490444
3407644757
3407686629
3408250357
3408365208
3408427683
3408463358
3408482472
3408740422
3408749556
3410379288
3411018864
3411130868
3411891862
3411996204
3412253246
3412596722
3412776127
3413303061
3413902247
3413919622
3414391179
3414555393
3415297094
3415347821
3415579693
3416465315
3417105011
3418167950
3418191150
3418408227
3419501752
3420733260
3421492497
3421552563
3423025092
3423709757
3423883972
3424796141
3425386091
3425487086
3425564495
3425577135
3425717416
3425862879
3427104048
3427525478
3428337486
3428548272
3429168830
3430449495
3430951495
3430969434
3430989252
3431174989
3431389981
3431399778
3432062404
3432246447
3434054458
3434552022
3434684977
3434807836
3434934055
3435316316
3435383306
3435464712
3435518166
3435668369
3436494606
3436740276
3437235814
3437639291
3438922957
3439021464
3439055724
3439193163
3439406294
3440350246
3440603374
3440947332
3441785121
3442230645
3442342063
3442865004
3442934103
3443315414
3443632667
3444015272
3444188276
3444979567
3445271605
3445385235
3445676303
3445889957
3446025276
3446481734
3446765986
3447162820
3448168744
3450007201
3450575241
3451075826
3451339507
3451453378
3451734842
3451831893
3452275969
3452476477
3452950299
3455193388
3455526854
3457559372
3457921754
3458007024
3458215459
3458238852
3458533116
3459467983
3459516004
3459574325
3460097533
3460393972
3460714797
3461278214
3461600990
3462147876
3462226517
3462759407
3463065273
3463433420
3463775335
3464054545
3464218507
3464530635
3464678558
3464782006
3464823823
3465449944
3466064625
3467312030
3467463235
3467667042
3468495018
3468855747
3469035454
3471173361
3471597963
3471689953
3471749972
3472074977
3472630381
3472971411
3473824248
3475228663
3475251767
3476149005
3476559752
3476728840
3477608337
3477648590
3478562749
3480412976
3480580206
3480746520
3481070466
3482261760
3482377917
3483015220
3483746797
3483760261
3484880117
3484916023
3484931937
3484998703
3485197833
3485484344
3485893024
3486464936
3488002992
3488076287
3488649520
3488925792
3489509584
3490082664
3490603150
3490696934
3490698132
3490795443
3491042457
3491430197
3491717602
3492001537
3493009125
3493609919
3493668156
3493949197
3494608768
3494688412
3494815787
3496273884
3496996987
3497678464
3498594582
3499839945
3500785645
3501273760
3501896991
3502417706
3502549980
3502867043
3503735579
3503966752
3504288643
3504555605
3505122853
3505168374
3505378236
3506218776
3506750113
3506889019
3507111805
3507960276
3508033513
3508111022
3508228101
3508559903
3508649550
3509527338
3509842655
3510100640
3510251076
3510625233
3510775547
3510901864
3510908881
3511280685
3513137661
3513944718
3514569525
3515063764
3516112963
3516137048
3516188671
3516314763
3518133392
3518258276
3521166214
3521551584
3521839248
3522277089
3523409102
3523742267
3523945382
3524218778
3525787029
3526095141
3526183964
3526197575
3526199469
3526549661
3526989267
3527146394
3527151232
3528207369
3528327035
3528330485
3528942793
3528984290
3530183209
3530269168
3531205025
3532438410
3534059695
3534580812
3534691132
3534706893
3534776926
3534906980
3535091898
3535297666
3535405449
3535687045
3535917278
3536112702
3536458352
3536465245
3537732994
3537864040
3538325668
3538606615
3538724256
3539109737
3539387963
3539993848
3542395655
3542791920
3543075630
3543836162
3543898466
3545176363
3545658932
3545707109
3545910860
3546113512
3546830787
3547668442
3547959042
3548291223
3548671677
3548912633
3549425626
3551481839
3551745623
3551926301
3552282539
3552364107
3553606114
3553773273
3553969884
3554306780
3555342966
3556863936
3556887017
3557440683
3557521533
3558008665
3558259701
3558629464
3558891045
3558959306
3558969944
3560500680
3560580388
3560655983
3561299704
3563251669
3564903372
3565399923
3565563831
3567095349
3568305641
3568541012
3569443082
3570427870
3570891697
3571060950
3571382915
3571471918
3571785889
3571910624
3572570359
3573226870
3573544682
3573586910
3574430693
3574982720
3575924033
3576681663
3577244528
3577682427
3577813305
3579131189
3579573312
3580254102
3580434192
3580640888
3580772699
3580865497
3580948198
3581427917
3581833008
3582794515
3583081365
3583763610
3583789457
3583973810
3584904733
3584926475
3586008216
3588504994
3589319885
3589512278
3589818749
3590506438
3590697648
3590773241
3592207141
3592207197
3592544123
3592874804
3593325123
3593882545
3594239505
3595346004
3595688757
3595796005
3596049051
3596257517
3596411782
3597738824
3598946767
3599002657
3601116280
3602719994
3604021747
3604034186
3604799683
3605266567
3606290162
3606411662
3607260927
3607864517
3608301618
3608415289
3610211261
3610288493
3612848053
3616059336
3616169839
3616207254
3616271231
3616502860
3616826191
3617071198
3617776643
3618214783
3619754141
3619850019
3619954303
3620211493
3620709113
3620978519
3621015983
3621851843
3622064343
3622187562
3623248881
3623380437
3624450458
3625098524
3625335075
3625344988
3625964693
3626141641
3626166152
3626194735
3626200088
3626251479
3627851118
3628712192
3628899102
3629175608
3629509210
3630431473
3630546639
3630725526
3631014489
3631182327
3631296726
3632154895
3632178219
3632931926
3633028726
3633175657
3633679232
3634585650
3634810292
3634900685
3634918754
3636796887
3637712051
3638267534
3638357895
3638948006
3639089497
3639235437
3639587799
3640269477
3642076020
3642279089
3642399014
3644539588
3645514416
3645849562
3646738754
3646906919
3647331801
3648576600
3648593471
3649483569
3649490810
3649769715
3651296764
3651560169
3651754148
3651814138
3652083780
3653225188
3653280660
3654317336
3654388089
3654491034
3654496738
3654738363
3654804100
3655164688
3655710803
3655884513
3656181763
3656991533
3657098154
3657286158
3657859263
3658444876
3658467824
3658876013
3658886948
3659039177
3659616706
3659950522
3660216861
3660348833
3662006483
3662018274
3662196186
3662689667
3662708458
3663898367
3663902394
3663971342
3664636428
3665407643
3666798332
3667390720
3667478475
3668292755
3668507328
3668749209
3668850215
3669691065
3670880474
3672046510
3672560360
3672971489
3673489171
3673721321
3673763661
3673835158
3673953018
3674786087
3674993916
3675079653
3675782461
3677457705
3677832753
3678411229
3678872208
3679061319
3679580253
3679964967
3680358563
3680709560
3684309154
3684885061
3684947703
3684953055
3685880990
3686306260
3686376108
3686401185
3686575157
3687161099
3687604919
3687801705
3688116706
3688295638
3689184296
3689230924
3690555872
3690604360
3691421932
3692084532
3692494988
3692563379
3693385954
3693674132
3694309347
3694430275
3695114727
3695452779
3695829618
3696775699
3697441823
3697480253
3697778342
3697904428
3698039065
3698110075
3698224929
3698689183
3699943351
3700038374
3700352211
3700392943
3701673159
3702095342
3702181615
3702365987
3702638398
3703418027
3704673788
3705041211
3705114283
3706306345
3706919233
3709422765
3709580479
3709688313
3709813779
3709937744
3710585634
3711389877
3711811150
3712040513
3712479245
3712710976
3713165163
3713246355
3714156604
3715274750
3715748956
3715839052
3715981528
3716124683
3716230358
3717030944
3717557958
3718259980
3718390198
3719577615
3720559498
3720648696
3721141551
3721491651
3721728887
3721792259
3721904960
3722391006
3722468489
3723804709
3724500813
3724697642
3724945712
3725213663
3725310209
3725402893
3725478576
3725996002
3726006868
3726953590
3727711639
3728557825
3728712358
3728931057
3729317742
3731774226
3731851065
3732586902
3733411478
3734751872
3736151240
3736569250
3736623158
3736757341
3737543341
3737563957
3737646533
3738135076
3738200946
3738986497
3739194616
3739765580
3739983512
3740366141
3741389742
3742439069
3742809405
3742957744
3743943389
3743980917
3745311517
3745336977
3747136152
3747747003
3749726724
3749759360
3749910894
3751092598
3751177452
3751622804
3751724801
3752836907
3753509091
3753844437
3754789908
3754957830
3755909698
3756169606
3756459326
3756819094
3756906709
3758541069
3759004583
3759730113
3760875604
3761039716
3762599553
3762814707
3763119403
3763149584
3763177186
3763192431
3763812253
3764263437
3765210653
3765827195
3766199738
3766222239
3766254267
3766575347
3766920463
3767182572
3767654947
3768388867
3768439525
3768651202
3769439287
3770173050
3770786335
3771110975
3771150737
3771268819
3771460448
3771574492
3771847027
3772335888
3772894940
3773262810
3774070388
3774597690
3774902838
3775045173
3775068288
3775184176
3775796695
3776556847
3776979180
3777575398
3777757546
3777953511
3778454926
3779401448
3780127219
3781848947
3781861375
3782180316
3782581680
3783149999
3783669797
3784021365
3784160704
3784452079
3784591351
3784842262
3785417254
3785470749
3786847601
3788488809
3790182044
3790230209
3790463216
3791487175
3791702344
3791754031
3792598605
3792855564
3793650872
3794056658
3794205311
3794406700
3794819637
3795602225
3795694245
3796031709
3796309689
3798110234
3799285764
3799816533
3800479232
3800950623
3801685576
3802074361
3803026750
3803687935
3803760910
3803765764
3803909322
3804731991
3805091659
3805300411
3805485204
3805908692
3806524013
3807052522
3807539374
3808116166
3808404108
3808583418
3808769285
3810703196
3811523142
3812205021
3813202811
3813491800
3814210489
3815423506
3815650489
3815799854
3816405675
3817356167
3817443298
3817932300
3818444130
3818503389
3818555126
3818618298
3819030129
3819112247
3819228404
3819724874
3820785135
3821647247
3822069522
3822303670
3822652825
3822836120
3823102807
3823631899
3823827483
3824486628
3824948424
3825110249
3825144436
3825654003
3825909349
3826173084
3826563691
3827203406
3828096101
3828299792
3829664123
3830103809
3830328690
3830462240
3832262395
3832402991
3832683058
3834540596
3837863604
3837899385
3838120751
3838151749
3839465307
3839720758
3839895756
3839960421
3840328874
3840716272
3841377695
3841696851
3842735564
3842758870
3843270214
3843495635
3843726270
3845053163
3845103866
3846617380
3846852031
3847550149
3847880808
3847947367
3848226715
3848244927
3848640279
3848727376
3848932491
3849322940
3849595632
3849599312
3851550857
3852928401
3853939893
3853973503
3854388379
3854496003
3854678312
3855656368
3856486349
3857389471
3857422486
3857535780
3857805398
3858168975
3858650178
3859055832
3859196632
3859339641
3859473950
3859541995
3859698801
3860501910
3861167292
3861781265
3861956170
3862474266
3863062563
3863662280
3863819448
3865007127
3865114102
3865314310
3865398760
3865806362
3866323057
3866584397
3866669976
3867313936
3868428030
3868899894
3869216002
3869786856
3870058860
3870897176
3871074111
3871362324
3871795777
3871881187
3872157015
3872429230
3872554567
3872877221
3872941275
3873669757
3874696028
3875226861
3875523171
3876361984
3876427876
3878199841
3878722774
3879128065
3880316977
3880796549
3880798307
3884571754
3885779326
3885792768
3886308329
3886629195
3886822372
3887051642
3887273516
3887524805
3887592355
3887797882
3887838440
3887981852
3887983085
3889031897
3889130356
3889603461
3889906605
3890060701
3890080118
3891019920
3892470096
3893341141
3893722933
3894202246
3895447284
3895963051
3896067509
3897180578
3897183998
3897663451
3897726322
3898398307
3899206769
3899438602
3899843709
3899939237
3900126191
3900363884
3900426663
3901275030
3901394685
3901635150
3902503974
3902951509
3904359358
3905130877
3905492564
3906256800
3906694366
3906762533
3906901093
3907281397
3907621983
3907685032
3907869208
3908799680
3909026693
3909125929
3909137760
3910166651
3911089096
3911934782
3911973143
3912768540
3912768799
3912870612
3914660723
3915146350
3915308589
3915882494
3915964934
3916261304
3916487128
3916790810
3916885568
3917155795
3917231818
3917804162
3918107601
3918439588
3919096898
3920582316
3921122771
3921561868
3921615039
3922152390
3922657030
3922923698
3923540887
3925726005
3925988748
3926035874
3926834315
3926856558
3927209268
3927223350
3927224524
3927779254
3928259044
3928657312
3928950744
3929235434
3929266954
3929745935
3930124491
3930837893
3931508545
3933794970
3934172410
3934520639
3935290044
3935918278
3936213333
3936284676
3936286126
3936368418
3936443194
3937131050
3938529327
3938956407
3938969893
3939095720
3939658634
3939988079
3940662425
3941919595
3942285211
3943385582
3943659557
3944020312
3944454822
3944575357
3944624448
3945121048
3945194709
3945765190
3945861819
3946710702
3948150622
3948457885
3949560036
3949893050
3950045325
3950349284
3950563116
3950840748
3951028321
3951120957
3951514816
3951698193
3951698485
3952147634
3954811190
3955524962
3955532913
3955795854
3956150002
3956200718
3956356251
3957696401
3958298173
3958819945
3958901932
3959476126
3960051260
3961733981
3961809184
3961813619
3962236671
3962826003
3963052721
3963111069
3963558551
3964726149
3964764650
3965203245
3965307327
3966105420
3966219734
3969044250
3969266788
3969538395
3969780509
3969804563
3969997306
3970261208
3970451621
3971323282
3972432352
3972558246
3972858926
3972920035
3974900398
3975215770
3975344724
3975396016
3976215131
3977140807
3977874893
3977882823
3978986069
3979921285
3980338375
3980428128
3980973349
3981751600
3982536619
3982888222
3983246782
3983739909
3983836847
3983981622
3984604819
3984706149
3985037635
3985282594
3985313572
3985455443
3985743675
3986938407
3987036591
3988460050
3989253772
3989669195
3990283891
3990551218
3990828692
3991447182
3991848826
3994082630
3994329289
3996361130
3996443276
3996551569
3996942910
3997016507
3997295617
3997825960
3998308613
3998439459
4000225107
4000435124
4000436539
4000524340
4001713247
4001840065
4001866558
4002299200
4002682706
4002705490
4002708391
4003523230
4004072030
4004213427
4005091021
4005332993
4005860949
4006316484
4008398467
4008467267
4009501641
4010270395
4010954314
4010964540
4011897623
4014733423
4014814261
4014979689
4015760398
4017687993
4018296264
4018583131
4019032211
4019867768
4019905954
4020439587
4020526962
4021251585
4021314306
4021752956
4022489816
4022678023
4023384576
4024703309
4025261938
4025739362
4026275540
4026317082
4026337108
4026474096
4026679638
4027259055
4027666245
4027836482
4027995298
4028176076
4028622340
4029031764
4029455401
4030319950
4030761257
4030799613
4031139604
4031183703
4031817065
4034082698
4034260797
4034304778
4034800500
4035658780
4035779649
4035960863
4036110328
4036163831
4036183573
4036385252
4036607748
4037591626
4038019732
4038260508
4038649660
4039571994
4040712062
4040979858
4041068532
4041568775
4041779748
4041823379
4041882314
4042483770
4042698737
4042833072
4042916165
4043121522
4043163999
4043870433
4044136959
4044703291
4044788978
4044879726
4045184930
4046976139
4047795550
4048196663
4048297538
4048389685
4048540197
4048687337
4048792197
4048833066
4051707791
4051790500
4051853722
4052330854
4053352531
4053374703
4053474425
4054579709
4054600224
4054959048
4055889375
4056533850
4058050063
4059211837
4059933642
4059954958
4061110354
4063174306
4064522767
4064608768
4065212084
4066885678
4066902083
4067062263
4067301565
4067635638
4068151811
4068660402
4069440110
4071681718
4071868077
4072787835
4073985325
4074134815
4074340108
4075012910
4075527128
4075805256
4075866788
4076153085
4076578329
4077605068
4077811414
4078030325
4078490367
4078712380
4078841520
4079154724
4079405193
4080389675
4080584697
4081284355
4081938463
4082664670
4082902380
4083867901
4085212454
4085403633
4085595873
4085944790
4086630217
4086825268
4087168971
4087705849
4091306723
4091963905
4092129306
4092719769
4092893606
4093159140
4094004105
4094538451
4095302511
4095656436
4096628285
4096810342
4096848873
4097021893
4097682846
4097896676
4098514322
4098535157
4098744516
4099477840
4099486758
4099854250
4099862438
4100084606
4100124036
4100843123
4100900346
4100900531
4101348957
4101734780
4102100662
4102448745
4102750495
4103152591
4103915555
4104063554
4104301969
4105636077
4106026283
4106804411
4106914725
4107058619
4107151770
4107211030
4107447417
4107589593
4108060253
4108109785
4108378536
4108606526
4109071359
4109439095
4109488966
4109989440
4110976469
4111629265
4111962262
4112980155
4113373669
4114371723
4117031148
4117436886
4117597005
4117996005
4118019023
4118621253
4119463751
4119942438
4121320582
4121339499
4122275626
4122287747
4122469815
4122588354
4122911665
4124719364
4124924471
4124969898
4125206833
4125274787
4125389528
4125718841
4125722604
4125790563
4127732375
4128507647
4128824597
4130023795
4130222531
4130527213
4130888669
4131159047
4133023674
4133655031
4133667440
4135365401
4135567948
4136856426
4138307270
4139599160
4139914923
4140196561
4142042000
4142836818
4143966462
4144849796
4146192180
4146566670
4146972540
4147060851
4147642388
4148281986
4148655894
4148962580
4149842043
4150483325
4150994922
4152313328
4152615314
4152974276
4153039999
4153419270
4154204899
4154444421
4155858796
4156567716
4156632901
4156818656
4156989880
4158147349
4158199865
4158711079
4158799198
4159246383
4159894208
4160892376
4161426478
4161904703
4161932388
4162279674
4163123490
4163256149
4163291603
4163823629
4164055538
4164264155
4164718995
4165083648
4165290243
4165486510
4165918720
4166137814
4166169557
4166556557
4167458425
4168712535
4168727757
4169582683
4169585997
4171784646
4173632345
4173740485
4174521837
4174662531
4174781106
4175091476
4175862847
4177737470
4178009661
4178391708
4181925796
4182055113
4182405620
4182451823
4182707964
4183328994
4183351469
4183883330
4184131133
4184504582
4185256083
4185299229
4186050951
4187628543
4188099248
4188163267
4188549960
4189652204
4189961881
4192175513
4192695517
4192860138
4193448019
4196114144
4196595890
4197117564
4197624581
4198408679
4198564895
4198758347
4198818568
4198909997
4199421855
4199595191
4199611922
4200418086
4200446282
4201263227
4201264292
4201354811
4201376307
4201541756
4202482008
4202863842
4203084813
4203301932
4203514451
4204603071
4204820362
4206624859
4206981335
4207036179
4207108124
4207634359
4207800824
4207952648
4208230411
4208505494
4208719414
4209542982
4209674953
4210707102
4210799294
4210871431
4211379640
4212387971
4212409629
4212986025
4213228533
4213973140
4214316462
4214765707
4214772159
4215103259
4215705608
4217014409
4217283959
4217923923
4217955738
4219773723
4219815480
4219950053
4220141818
4221655352
4221860796
4222317630
4223058614
4223063838
4223340638
4223389076
4223441657
4224582806
4224905027
4225028201
4225656128
4226208225
4227390899
4227973274
4228280467
4229172788
4229503670
4229994963
4230426390
4230914023
4231079397
4231836811
4232701253
4232867988
4233319997
4234938372
4235229359
4235543138
4235713224
4237511700
4238467878
4238481794
4238482442
4238693406
4238699343
4238726455
4239010095
4239077159
4239307342
4240398706
4240929705
4241007194
4241359971
4241495418
4241741899
4242386822
4242802905
4243118627
4243658383
4243863321
4244083341
4246102521
4246428803
4247073960
4247425199
4247976814
4248448850
4248449436
4248800676
4248902039
4249274857
4249338918
4250049046
4250397158
4252563842
4253201920
4253477599
4253842320
4254165881
4254598153
4255265969
4255489577
4255944407
4255968397
4256377213
4256513479
4256533835
4257848672
4257862374
4258233626
4259033780
4259702451
4260101070
4261202301
4261281239
4261879319
4261981090
4261984810
4261994394
4261998128
4262480710
4264219495
4264498280
4265260928
4265405408
4266087408
4266168548
4266520394
4266937651
4266991164
4267765382
4267905838
4269423184
4269868133
4270722567
4270928572
4271095256
4271314926
4271462528
4271584755
4272061543
4272136521
4272266517
4272366081
4273098953
4273630475
4275028537
4275620843
4276997925
4277223675
4277286511
4279031901
4279181256
4279402284
4279537523
4279603797
4280535688
4281040324
4281445785
4282281263
4282587295
4283035180
4283577093
4284736190
4284759966
4285445012
4285531087
4286071278
4286250212
4286887328
4288436025
4289802557
4291877006
4292213906
4292415010
4294039425
4294378752
